Trait	pvalue_const	ssr_const	df_const	pvalue_linear	ssr_linear	df_linear	pvalue_quadratic	ssr_quadratic	df_quadratic	fstat_linearConstant	p_value_linearConstant	fstat_quadraticLinear	p_value_quadraticLinear
Age-related macular degeneration	0.0005067994076735723	23.54958436588778	4.0	0.0010258440741677797	0.422612108748378	3.0	0.23817530107526289	0.17733781504932816	2.0	164.1716253159405	0.0010258440741678365	2.7661815234480533	0.2381753010751334
Alzheimer's disease	3.972376314059312e-09	27.95831979739151	9.0	0.025490610934332705	14.42838550657033	8.0	0.016620948753958698	6.014020543853563	7.0	7.5018424117708715	0.02549061093433691	9.793873218343888	0.016620948753955922
Alzheimer's disease (late onset)	0.00011822180879068071	41.20602761006367	5.0	0.013164571477939611	7.472562898965346	4.0	0.2724144279921024	4.6720427809891145	3.0	18.057239620301665	0.013164571477939924	1.7982627188507905	0.2724144279922218
Amyotrophic lateral sclerosis	0.00017742097689353727	19.44646492964803	4.0	0.007050413638946776	1.2494916574627613	3.0	0.36139725098677244	0.739932127588205	2.0	43.69050364642613	0.007050413638947206	1.3773142451199032	0.3613972509867195
Asthma	7.435926695414042e-07	75.50041553809622	8.0	0.00027077465392209594	10.115727165037052	7.0	0.9227146339416246	10.098501531225052	6.0	45.245666588689346	0.0002707746539221123	0.010234568223060157	0.9227146339407776
Asthma (childhood onset)	0.00019781427967610577	50.457912613856976	5.0	0.0018868068471629498	3.536370851622163	4.0	0.7430742575265117	3.3903588864224194	3.0	53.07310090593186	0.001886806847162914	0.12920045053444332	0.743074257526948
Atrial fibrillation	9.836272761454135e-06	20.531351994599746	5.0	0.04229719919620219	6.488831858965103	4.0	0.5423551997458669	5.610515262194011	3.0	8.656424108899175	0.04229719919620145	0.46964488414614347	0.5423551997459238
Basal cell carcinoma	2.6625481755900292e-05	29.63703615382295	5.0	0.019718560654782537	6.527126285938395	4.0	0.966816635197894	6.5226918234187545	3.0	14.162379494737833	0.019718560654783612	0.0020395548217005655	0.9668166351956953
Bipolar disorder	6.66776506204385e-10	23.18756169898953	9.0	0.00217186685907104	6.696394828465839	8.0	0.20175435837804767	5.217302697923864	7.0	19.70154662974299	0.0021718668590723356	1.9844823107376695	0.2017543583782231
Birth weight	0.0007570849538779179	15.004080162532851	3.0	0.0014836921452481514	0.044489842650084495	2.0	0.8516125459421806	0.04211619787141181	1.0	672.4946382724218	0.0014836921452481278	0.05635942698151052	0.851612545941422
Body mass index	1.0728673231345253e-07	33.047007668134796	7.0	0.0027233452440416092	6.617008932790472	6.0	0.24322155704600246	4.901957055884658	5.0	23.965509797973155	0.0027233452440419414	1.749354245001946	0.24322155704602988
Breast cancer	0.00037995182743509837	31.269540438745683	4.0	0.0042484367646782135	1.4388387943097851	3.0	0.38406649991733954	0.89298065545119	2.0	62.19745067148909	0.004248436764678454	1.2225531102525244	0.3840664999171677
Calcium levels	0.00010645754082166167	3.516941349235657	3.0	0.047949592632624646	0.32918578706897106	2.0	0.5931933524846007	0.21209617617950974	1.0	19.367516383681455	0.047949592632625215	0.5520590375488964	0.5931933524846262
Celiac disease	0.0008682772535163024	10.260938586169086	3.0	0.022717805490230582	0.46091635697113464	2.0	0.8266803608414566	0.42758900370353026	1.0	42.52408091393332	0.02271780549023039	0.07794249379413877	0.826680360841502
Chronic obstructive pulmonary disease	3.342286088271177e-05	27.09275658625259	5.0	0.0015585388675798959	1.7276658472322075	4.0	0.21645837803587617	0.9533731475479714	3.0	58.726844151387986	0.0015585388675798395	2.4364836633243088	0.21645837803583934
Chronotype	5.106261341756062e-05	2.9281364164263692	3.0	0.01183943565255349	0.06892452193788083	2.0	0.6444717622777698	0.04957218005096345	1.0	82.96646285237617	0.011839435652553298	0.3903871459157517	0.6444717622748805
Colorectal cancer	2.025844475874201e-12	47.32070070336329	13.0	1.629250492324772e-07	4.450929304367944	12.0	0.3047164823094065	4.026663328429825	11.0	115.57974113026202	1.6292504922965634e-07	1.1590056964457343	0.30471648230955795
Depression	0.00025145213926985665	9.451246336184706	3.0	0.022376739427781976	0.4182437394845071	2.0	0.5343851035150498	0.23166813902369895	1.0	43.194920779130065	0.02237673942778151	0.8053571857014055	0.5343851035150231
Educational attainment (years of education)	0.0024106439246871806	5.00185152126126	2.0	0.03632996873743999	0.016271556548610504	1.0	nan	4.853097532468632e-24	0.0	306.3984659253997	0.036329968737439544	0.0	nan
Eosinophil counts	0.010163654959637133	16.74923149576628	2.0	0.020264257593742195	0.016964823723793945	1.0	nan	1.0365285195805798e-24	0.0	986.2918085364315	0.020264257593742507	0.0	nan
Glaucoma	0.002465744484047862	19.470349900094178	3.0	0.01139810993691254	0.4413208496446148	2.0	0.6293316554925797	0.3078698463620467	1.0	86.23670993914376	0.011398109936912704	0.4334656506945904	0.6293316554924666
HDL cholesterol	6.568452456836015e-05	16.567138903776605	4.0	0.040348460373719836	3.3045272122530203	3.0	0.3328055378571152	1.833522044697589	2.0	12.040401703166332	0.04034846037372253	1.6045677463322243	0.3328055378570888
Height	5.6777274654177435e-05	41.05770533552422	5.0	0.040906790966548236	12.774993139146783	4.0	0.15288301514525618	5.781531559781678	3.0	8.855648496502091	0.04090679096654748	3.6288627885458737	0.15288301514526892
Hypothyroidism	0.0019377397435170493	25.714219949065914	3.0	0.022534322600073736	1.1458474852914606	2.0	0.7950109481313918	1.0310939014114902	1.0	42.882447758787336	0.02253432260007393	0.11129304879301627	0.7950109481314442
Inflammatory bowel disease	0.0018157194370528472	18.009552020412883	3.0	0.04186519833578974	1.4763816857993193	2.0	0.2401886379991406	0.20037244028311177	1.0	22.396878115786755	0.041865198335790166	6.368187380027407	0.24018863799912016
Intraocular pressure	1.0592765022950014e-05	6.234397849995698	4.0	0.041492215220116126	1.2658444260950459	3.0	0.8373930139482255	1.2323741932278598	2.0	11.775270297380736	0.041492215220118256	0.054318295613640155	0.837393013947949
LDL cholesterol	9.117016285773119e-06	46.067142796829245	6.0	0.013868367860013364	12.279887973454692	5.0	0.13203540576842263	6.492972574370965	4.0	13.757151081676039	0.013868367860014441	3.5650330154948233	0.13203540576842632
Lung cancer	1.1229529851776786e-07	37.106952636957686	8.0	0.006843576235429387	12.17791262385391	7.0	0.7332222993799193	11.92444059944643	6.0	14.329490240380938	0.006843576235429416	0.12753907688679972	0.733222299379765
Male-pattern baldness	0.00010240586277805928	44.40591926882401	5.0	0.006238232494635816	5.6018730266494	4.0	0.4940852006774643	4.664523450371297	3.0	27.707908449602353	0.0062382324946359535	0.6028587397519615	0.49408520067732
Mean corpuscular hemoglobin	0.0008198363737568789	16.345734340776055	3.0	0.01445520419561725	0.46914636619013417	2.0	0.6730679496853351	0.35592110175056146	1.0	67.68287732256039	0.014455204195617077	0.31811899851592346	0.6730679496854277
Mean platelet volume	0.002537005533475794	24.966873427469295	3.0	0.017065258025942977	0.8448613457152424	2.0	0.2505501258942122	0.12424376624160757	1.0	57.102889613994236	0.017065258025943386	5.800030064062157	0.2505501258941828
Menarche (age at onset)	4.4115879413010404e-05	13.932976033268842	4.0	0.04951126224644216	3.1642681044705103	3.0	0.13410559279779297	0.7917849212662527	2.0	10.209667044569509	0.04951126224644298	5.9927465640797815	0.13410559279779266
Migraine	1.3733472064247356e-05	24.422779871257994	5.0	0.012459442839923339	4.312728045674275	4.0	0.8798353586461872	4.274199624850928	3.0	18.651815382381344	0.01245944283992384	0.02704255126457104	0.8798353586465741
Neuroblastoma	0.0006321032653323797	0.545328037104924	2.0	0.03475676650973155	0.001623845738739687	1.0	nan	2.722933905745437e-23	0.0	334.8250257984287	0.03475676650973136	0.0	nan
Neuroticism	4.582124860016438e-06	5.325810715195522	4.0	0.005397511814481345	0.286995174889784	3.0	0.5654816979886486	0.23280871948983392	2.0	52.67143124173586	0.005397511814481781	0.4655019409813491	0.5654816980376254
Osteoarthritis	0.0013182496206818025	18.00130259911177	3.0	0.025081894294830088	0.8916888928678818	2.0	0.9317904684859375	0.8814916971793398	1.0	38.375747064013176	0.025081894294830098	0.011568113144084798	0.9317904684862984
Parkinson's disease	9.633156238514321e-06	18.304628056677657	5.0	0.0069954193113581226	2.441987522345276	4.0	0.21134961921355958	1.3297647138960318	3.0	25.983163941964715	0.006995419311357831	2.509217149830772	0.21134961921367856
Prostate cancer	1.0301452507365273e-07	40.48766220430742	8.0	0.0002488244467953327	5.297260800522649	7.0	0.8241061121114868	5.250086158018442	6.0	46.501922239167314	0.0002488244467953038	0.05391299237878978	0.824106112110977
Red blood cell count	0.00776264239262021	13.077623952174365	2.0	0.02587040976665133	0.02158420911110858	1.0	nan	2.5876281677375668e-23	0.0	604.8884939844196	0.025870409766651226	0.0	nan
Refractive error	0.002854525905564637	31.884662237364406	3.0	0.028714544639949272	1.804817410802115	2.0	0.1075209224135126	0.050994770094225324	1.0	33.33283981695844	0.028714544639948936	34.39220605303785	0.1075209224135123
Rheumatoid arthritis	4.4558652241675704e-07	14.667715901320914	6.0	0.0004872858591818229	1.0580658002563805	5.0	0.7617973759064526	1.0309212257083318	4.0	64.31381723975376	0.00048728585918178524	0.10532162446999027	0.7617973759056142
Sarcoidosis	0.002385181472412883	1.8199646159059795	2.0	0.011650248858051002	0.000609431111760606	1.0	nan	2.6497708622511948e-21	0.0	2985.333616359399	0.01165024885805166	0.0	nan
Systemic lupus erythematosus	4.6709964267237035e-06	10.65179994734503	5.0	0.007850407323319469	1.503203107826567	4.0	0.06537870596532343	0.40649608527332726	3.0	24.344273350382103	0.00785040732332043	8.093856710692423	0.06537870596527018
Systolic blood pressure	1.4070136720463076e-06	12.82960712836572	5.0	0.00014383436103727274	0.2504407895579309	4.0	0.5308592404321741	0.21472476784850394	3.0	200.91242103192664	0.000143834361037265	0.49900189066162015	0.5308592404328734
Triglycerides	2.6676686599710863e-05	31.398411960557837	5.0	0.025121581684069156	7.762043515392206	4.0	0.2132323461631452	4.247695311608583	3.0	12.180487469978486	0.02512158168406775	2.482062350973631	0.2132323461632457
Type 2 diabetes	8.02785068735312e-08	73.88663438977977	9.0	7.528383388493077e-06	5.312567838825558	8.0	0.05304415224949468	2.998266721421842	7.0	103.26315805294456	7.5283833884665086e-06	5.40315766642121	0.05304415224953973
Urate levels	9.318230839291419e-07	71.87536046931807	8.0	0.0009533401397865449	13.697634690176379	7.0	0.06404301269105174	7.381857186697326	6.0	29.730978352493054	0.0009533401397865404	5.133486609462374	0.0640430126910525
Venous thromboembolism	0.0004131743534885467	28.389716714358048	4.0	0.003435470811322977	1.1352664733053441	3.0	0.9815146116062603	1.134878541871018	2.0	72.02128543891813	0.0034354708113228938	0.000683652778713155	0.9815146116079951
White blood cell count	6.781692988476377e-05	17.380186740624076	4.0	0.0009126537485379707	0.2885898031637306	3.0	0.08091750452297358	0.044814350534334614	2.0	177.67360540902555	0.0009126537485379949	10.87934778582262	0.080917504523081
